20 20 8
9999 9999 92
1 9999 262
340 3000 217
3000 340 217
500 101 144
1 1 1
9999 9998 92
2 1596 182
99 9999 262
1 1999 182
340 30100 308
5 6 9
7 10 20
1 98746 351
605293 606510 341
956739 956006 352
826611 825983 313
756134 756776 362
478642 479101 338
815892 815933 269
719220 719135 274
929349 929040 339
948351 948681 326
491808 491202 320
504516 507852 382
604712 604712 67
436809 436182 325
630804 630542 310
975948 975688 334
945718 945752 202
747700 747747 243
652581 653137 336
824003 823974 238
655077 655161 186
567537 567893 346
851101 851038 238
524621 524569 302
549210 549073 240
782205 782263 287
422252 422691 325
285142 285524 376
478472 479285 338
485461 484957 320
748121 748121 256
823874 824088 238
359661 358904 317
388654 388444 299
981428 981459 184
830977 832487 419
654572 654612 248
240125 241624 368
532347 536933 377
545105 545167 209
850670 851113 357
978562 976960 383
319662 322868 371
560495 559981 359
831101 831011 251
784445 782843 331
859271 859331 295
998394 998498 277
975465 975228 228
687538 680880 398
786313 786051 269
780568 780732 300
363174 361163 361
261481 261858 288
908012 909802 370
984442 984350 246
931890 931544 277
788836 791387 406
919454 919499 202
575642 575716 297
915504 916839 339
285788 285880 252
919365 918704 339
827554 827930 313
850429 850334 313
737959 737960 150
809210 810518 406
974713 974143 321
456486 455019 338
727712 727631 287
743706 745566 318
465147 463724 338
945152 944673 352
776248 775948 331
541191 542743 364
256518 255672 332
947523 950576 383
423648 421688 356
574485 575669 328
588113 587943 266
748123 748033 318
930036 929896 264
982165 982843 383
806280 806281 70
379341 379868 361
155281 158691 383
854261 855194 357
827665 827456 419
806029 805322 375
276791 280194 389
655238 655329 292
358577 358839 348
842747 844169 388
612687 612358 297
810273 809602 344
431700 431055 312
281758 283365 358
984263 984008 352
884741 885879 370
724852 724070 362
869222 869573 388
123456 123451 150
854 3135 217
1732 3845 238
4047 8849 262
3160 6630 262
5397 5835 236
4440 9492 262
5024 6444 262
4913 7309 262
1725 6861 262
4398 6012 236
1127 7992 262
5315 5809 236
1859 4006 238
2668 8457 262
2686 4662 238
5374 8549 262
2158 3314 217
192 1251 182
2180 6977 262
5680 5923 218
1864 2689 209
4380 6502 262
297 9916 262
2210 2646 209
5574 9041 262
811 9562 262
3779 9185 262
1783 4557 238
2336 4146 238
4065 9080 262
5158 6594 262
751 2799 209
4183 9576 262
4861 9412 262
2696 8867 262
1042 1922 182
4950 9776 262
3927 4223 189
110 3761 238
4846 6693 262
3417 7378 262
2321 6088 238
996 1784 182
3592 7448 262
2619 4186 238
5192 8731 262
955 1068 169
3848 6277 262
63 4848 238
5598 5771 205
2679 8751 262
3742 9044 262
376 905 179
3921 5880 236
4861 6335 262
4499 4966 210
5367 5945 236
4808 7735 262
1723 4158 238
5367 9580 262
4927 8031 262
3844 9130 262
631 858 171
1972 7427 262
802 5433 238
3078 6308 262
4257 8606 262
3891 4914 215
3265 8791 262
5137 6955 262
2142 8252 262
584 4719 238
3645 8258 262
2126 4735 238
1607 3241 217
4875 6369 262
3019 7840 262
4718 9086 262
1483 7035 262
3522 5884 238
2899 6072 238
3883 6611 262
2147 7211 262
2284 5215 238
269 3548 217
5463 6983 262
334 6377 262
4802 6959 262
5799 7513 262
2131 4279 238
2518 8171 262
5646 8846 262
1726 3771 238
4464 8932 262
1039 2697 209
3121 6695 262
75 3928 238
1838 7557 262
4554 6231 262
1243 2198 180
1192 8460 262
4114 5893 236
1509 9523 262
5257 9799 262
3797 4572 215
881 3421 217
3351 6409 262
2845 5425 238
5611 9631 262
5415 7018 262
3123 8117 262
165 5714 238
214 488 144
5363 6513 262
2846 6375 262
1105 3098 217
2448 4110 238
4132 9892 262
3980 7806 262
4754 6573 262
4142 4949 215
3252 4835 238
1785 5480 238
911 7032 262
2831 9589 262
3112 4330 238
2720 8322 262
1685 1735 180
4201 6675 262
1783 8045 262
1615 3013 217
3174 7198 262
4259 5737 236
132 1690 182
3980 4185 189
3688 6324 262
3560 6552 262
2744 8122 262
896 3912 238
1700 4180 238
5608 7476 262
4401 5365 210
2577 5090 238
981 8075 262
5508 7023 262
4094 4909 215
2166 2744 209
5019 8068 262
4574 5873 236
4443 4801 197
1728 5030 238
3663 3769 238
2163 3338 217
1567 9870 262
2282 3540 217
2895 6626 262
2260 8924 262
5938 7151 262
2800 9107 262
2555 6308 262
1581 5546 238
2624 4933 238
4399 9551 262
2711 9747 262
2034 2119 170
4932 5003 197
2309 3051 217
773 7037 262
5073 6009 236
746 8042 262
4407 8476 262
5191 8421 262
5540 9536 262
5251 6725 262
2766 8035 262
5243 7686 262
151 6122 238
3400 9650 262
1481 9333 262
599 3402 217
583 8134 262
4437 4464 184
205 7739 262
3879 6379 262
2293 2859 209
630 6019 238
1269 7277 262
2226 8576 262
411 6488 262
5942 8378 262
188 9223 262
2693 9584 262
221 9169 262
3606 5407 238
2844 6019 238
2024 7906 262
1991 4515 238
3126 5498 238
5298 8733 262
1413 3131 217
2143 4534 238
3010 3524 199
1085 7624 262
1517 8273 262
70 7747 262
71 6601 262
5772 9149 262
5739 7367 262
599 5728 238
1334 9714 262
393 6772 262
1148 5272 238
1297 1945 180
3635 8361 262
5140 6354 262
5906 6176 262
2419 4832 238
4894 5772 236
520 3553 217
2035 3846 238
2436 2702 209
5069 8902 262
3445 7847 262
3339 8950 262
5313 5608 236
4963 7306 262
1897 7009 262
1508 9891 262
1980 4795 238
3907 7173 262
5827 6280 262
1555 1983 180
5660 8446 262
5682 6514 262
1640 3829 238
3065 7345 262
586 7421 262
2542 8042 262
5389 8138 262
4197 4709 215
3782 8291 262
2953 8681 262
2005 3179 217
1396 3783 238
5500 9625 262
4196 9897 262
50 6181 262
3188 3772 238
4551 9937 262
1924 5669 238
3895 5909 236
2550 8762 262
1736 7754 262
816 6686 262
1944 4884 238
3781 5761 236
3136 7321 262
4433 9375 262
3316 6765 262
4879 5614 236
865 1691 182
1734 8932 262
497 6383 262
2431 5483 238
3652 4284 238
2643 4073 238
3010 6127 238
533 6935 262
1692 2415 183
3266 9743 262
3227 9237 262
5806 6112 218
2506 3839 238
5760 9507 262
4901 5112 210
1022 4924 238
2561 6997 262
3420 6977 262
3859 7710 262
4008 8747 262
1480 5732 238
306 9588 262
4935 8499 262
5735 6665 262
4796 7404 262
82 6432 262
1029 4970 238
1031 9184 262
1761 5726 238
3057 9930 262
3961 7846 262
111 3989 238
5995 8095 262
4533 7239 262
3761 4949 215
5878 8747 262
2472 6890 262
1921 5012 238
5298 6058 236
4912 9000 262
1906 8078 262
2717 8126 262
3860 8122 262
5906 6552 262
4600 9588 262
5229 8159 262
1936 4356 238
2568 2809 191
5840 7340 262
132 5828 238
4807 8435 262
5456 7744 262
5527 6290 262
2542 3107 217
4027 9285 262
2375 2812 209
2993 6484 262
4865 6163 236
2532 8998 262
4466 6415 262
4598 6705 262
4844 8259 262
1595 4209 238
804 2166 182
4402 7588 262
3322 9182 262
4205 9064 262
4247 5012 215
664 7676 262
3803 3922 176
2068 8416 262
5478 9391 262
4074 4793 215
5592 8027 262
5447 6243 262
4627 7042 262
3418 7968 262
576 3806 238
193 7639 262
342 8421 262
5920 8565 262
726 5696 238
5189 7068 262
5509 6676 262
21 8724 262
966 4038 238
4660 6402 262
2027 4897 238
4956 9939 262
2436 8037 262
5685 8503 262
4737 6809 262
2937 3686 199
5002 6502 262
953 9463 262
1552 7123 262
1543 8834 262
408 9120 262
1706 8270 262
4910 9485 262
5861 9240 262
678 5165 238
1122 9082 262
1742 8414 262
3327 9471 262
1130 7046 262
2737 7824 262
4281 8789 262
5120 6896 262
4279 9192 262
1936 4097 238
3444 5538 238
3772 6137 236
2755 3486 217
203 7013 262
690 5816 238
3488 5271 238
857 2319 183
4394 7646 262
2306 9046 262
5913 8669 262
5638 7898 262
2702 3717 238
2625 9382 262
5706 8498 262
1316 5875 238
4517 9628 262
1121 3578 217
3831 4464 215
1494 7394 262
5982 6467 262
789 7290 262
2813 7178 262
1024 2105 182
68 6046 238
5421 7175 262
5975 9902 262
239 1610 182
5760 7923 262
1250 1308 177
3710 7547 262
129 8686 262
3691 4883 238
3913 5894 236
5082 9511 262
1669 4215 238
5220 5579 236
2578 5320 238
5501 6550 262
846 5333 238
991 4528 238
4174 9379 262
100 8159 262
4833 6285 262
1703 4494 238
2989 3366 199
55 2496 209
3673 5418 238
32 4322 238
1087 6606 262
4266 9976 262
702 4137 238
205 5162 238
4120 9450 262
4326 4479 215
4684 5421 210
72 8751 262
1223 2757 209
1254 8408 262
3172 4847 238
3004 8722 262
1045 7492 262
4359 5314 215
4400 5304 210
5640 9463 262
4039 9056 262
5089 5485 192
2491 3541 217
4824 5761 236
1961 6536 262
5944 6372 262
5312 5326 117
1664 3938 238
226 3311 217
2044 2258 183
1422 6050 238
5061 5817 236
3987 5510 215
5513 5855 236
5803 6059 218
1570 5877 238
4473 6370 262
1306 7936 262
535 6253 262
4596 6143 236
5022 8966 262
1280 4952 238
1349 3779 238
4341 5403 215
4523 4702 184
5132 8930 262
1369 3371 217
2874 9951 262
3327 6439 262
2034 8577 262
2926 3610 199
644 1614 182
5076 8578 262
1175 9481 262
127 3646 217
2119 2491 209
1689 6449 262
621 8914 262
4484 9809 262
5044 6228 262
5549 8152 262
5387 6707 262
3931 8139 262
161 2248 183
1691 3249 217
3790 8627 262
830 8334 262
4604 7557 262
5370 9653 262
2962 5702 238
1924 3617 217
5289 6862 262
738 4071 238
1400 2866 209
3792 3910 176
4606 8823 262
3339 5434 238
3229 3980 238
1878 6191 262
3827 5064 215
4141 6079 236
832 5065 238
4184 6282 262
5118 6113 236
89 2027 182
1334 3037 217
3779 8566 262
4336 5198 215
4126 8560 262
1953 3355 217
2282 9711 262
523 1805 182
813 2654 209
4617 8646 262
4169 5009 215
1649 9535 262
552 6799 262
695 9040 262
2795 8916 262
2627 4732 238
5913 9872 262
4579 7777 262
4173 6776 262
5997 6051 187
5487 9088 262
3436 6499 262
4315 5775 236
5866 8855 262
3065 9622 262
1782 1803 162
3621 9270 262
2151 2611 209
2332 5105 238
1124 1693 182
4295 4434 215
5951 6600 262
1536 8142 262
3618 4787 238
4853 7210 262
39 4783 238
3716 8281 262
5456 6354 262
860 3620 217
2681 8631 262
5370 6926 262
1186 1340 177
1602 5489 238
1922 2242 183
2414 6898 262
1379 8942 262
3837 7874 262
55 7265 262
2287 8210 262
2374 9299 262
4383 4833 197
953 8316 262
1665 2731 209
5692 6642 262
1952 8831 262
4094 6365 262
3623 4677 238
5336 7606 262
1105 1625 182
3582 9905 262
4983 6611 262
4825 6523 262
4703 6742 262
711 9775 262
3064 4680 238
4337 4478 215
1297 9954 262
2251 4643 238
4661 8074 262
3263 3902 238
5657 6250 262
2780 3243 217
4456 5470 210
683 8018 262
4880 5405 210
897 3945 238
635 2768 209
3483 4833 238
2440 8211 262
2594 8183 262
1011 7508 262
4878 6572 262
3761 6779 262
4037 9565 262
1140 5004 238
1713 9066 262
2461 9778 262
1860 5638 238
4140 4620 215
5413 8405 262
1975 4650 238
1765 9238 262
2611 9804 262
257 5604 238
2521 6776 262
850 3934 238
5203 8968 262
5049 7948 262
5789 6295 262
5161 9893 262
3308 3783 238
1154 9440 262
2218 8024 262
5439 6163 236
3795 5269 215
2902 8625 262
4117 5538 215
3783 5809 236
2583 2726 191
3539 4518 238
2083 4011 238
4484 6406 262
1274 7452 262
97 4656 238
5856 9483 262
31 1944 182
5012 9356 262
5794 7487 262
4778 7071 262
3844 8203 262
2858 9986 262
3860 9506 262
2663 4135 238
2955 5648 238
1664 2069 180
4896 9851 262
1515 3918 238
5399 6215 262
2922 4557 238
285 848 171
1089 5455 238
3839 4544 215
4119 7735 262
647 4989 238
59 6697 262
5376 8285 262
5696 8589 262
1790 5479 238
2242 3162 217
4095 6776 262
223 637 144
5611 8937 262
1716 8859 262
1897 3328 217
1151 8155 262
4854 5850 236
3388 6085 238
4275 7048 262
4850 5505 210
2011 5218 238
3639 6790 262
4337 8919 262
2433 4383 238
2080 8650 262
3486 9895 262
5213 5471 192
2383 3176 217
1361 1646 172
1036 5955 238
406 5531 238
4514 4843 197
5988 7600 262
3918 8406 262
2790 9733 262
3676 9309 262
5674 8858 262
3105 8214 262
1539 7987 262
1706 5052 238
584 2962 217
5297 5681 236
4802 9322 262
527 9656 262
176 9084 262
3271 8305 262
5293 9193 262
3905 9942 262
4595 9913 262
4412 9892 262
2158 6000 238
1679 3957 238
530 4028 238
560 877 179
4620 5204 210
4923 6844 262
3992 4774 215
5169 9009 262
5388 9050 262
524 8546 262
1181 2841 209
556 1965 182
2234 4312 238
2306 6661 262
2952 8104 262
3262 5932 238
910 5308 238
2950 5769 238
5660 9168 262
2856 2976 217
4856 8573 262
189 1208 182
5686 6873 262
4942 7878 262
1621 9045 262
2927 9942 262
4311 8165 262
775 4698 238
4014 4291 202
950 5255 238
3265 3429 181
1873 9316 262
5221 6550 262
4402 5224 210
731 1699 182
1267 1751 180
5831 7858 262
375 9021 262
5603 6851 262
4621 6430 262
584 2656 209
3399 3772 238
1243 1346 177
805 5317 238
1634 9879 262
1075 6886 262
121 2487 209
1401 6294 262
3334 7399 262
1893 4314 238
190 1334 182
3176 8869 262
4736 9166 262
4509 5730 236
3544 3878 238
1635 8009 262
3274 4673 238
4244 5365 215
2117 7001 262
4104 9039 262
2591 5816 238
217 6017 238
4037 6832 262
4724 9918 262
1595 7639 262
5139 5552 205
1621 8763 262
1719 4885 238
2675 7652 262
4865 9519 262
604 3927 238
5601 6959 262
2785 2967 217
2725 3561 217
3039 3521 199
5666 9121 262
1595 4051 238
5990 7133 262
2360 9232 262
2041 3272 217
4222 7035 262
2870 6003 238
1381 4666 238
1035 5902 238
2747 6080 238
3795 5546 215
95 2277 183
497 664 145
2363 8947 262
5500 9612 262
3185 6016 238
3243 9782 262
1563 6955 262
4342 6478 262
3572 7456 262
191 3911 238
2114 3229 217
5620 8171 262
1086 8822 262
5534 7326 262
4422 9938 262
5728 7659 262
4281 6106 236
1707 8944 262
4299 8191 262
4726 6906 262
1567 8305 262
3142 5753 238
772 5660 238
817 4850 238
1763 6284 262
2307 10000 262
671 9484 262
3157 6589 262
4539 7684 262
1671 2303 183
1247 7053 262
3170 7923 262
4110 8476 262
4461 5256 210
4345 4513 215
3486 3949 238
243 4408 238
1797 4338 238
38 9274 262
1064 5887 238
2366 8023 262
1998 4593 238
1670 3253 217
4606 8865 262
900 914 130
2493 4452 238
2288 8066 262
1553 4005 238
2747 7001 262
1126 8417 262
1 5035 238
5485 8733 262
885 7759 262
2120 8653 262
5472 5927 236
5891 9808 262
3438 5113 238
5273 8103 262
4976 5686 236
587 9889 262
2459 7312 262
153 1002 179
1134 4267 238
3254 5963 238
1139 3362 217
1897 3494 217
2794 9142 262
389 4988 238
3211 6443 262
2837 9220 262
1683 6485 262
3005 9755 262
11 8974 262
853 1272 182
900 5634 238
1991 9932 262
4936 4974 166
4533 5569 236
5714 9109 262
1260 9612 262
5121 9479 262
2225 6650 262
400 4133 238
509 3965 238
5908 9392 262
472 5406 238
1224 9601 262
3909 7449 262
1261 8930 262
798 6332 262
5943 7586 262
1726 3654 217
2065 8466 262
2983 4473 238
5816 9797 262
5632 9872 262
3326 7284 262
3634 4346 238
980 1736 182
2232 7374 262
5716 7146 262
2009 3112 217
5895 7290 262
1256 3951 238
2262 9172 262
4706 4833 197
2800 6327 262
1204 2119 180
5237 8228 262
5072 9116 262
5427 7244 262
3874 5513 215
2825 8685 262
77 1443 182
3244 7430 262
5728 9970 262
1178 7850 262
5296 8058 262
5069 8865 262
548 6928 262
1516 8091 262
3421 4955 238
4544 9579 262
847 4241 238
5934 9044 262
3422 6061 238
235 333 144
2259 6498 262
5525 6510 262
2327 7129 262
2928 9484 262
933 4561 238
2444 8511 262
5474 9509 262
27 5228 238
1148 4718 238
3296 9466 262
2991 8982 262
2508 9071 262
4625 5192 210
5667 6196 262
2796 8284 262
1867 3264 217
4248 7339 262
2139 6225 262
4222 8562 262
976 7604 262
4617 9117 262
119 2895 209
2660 4125 238
3092 9975 262
3530 8471 262
1229 5331 238
4671 8232 262
1498 6932 262
4870 5837 236
5711 6060 218
4817 6309 262
4648 8300 262
2098 9921 262
2227 6993 262
5064 5748 236
4029 4948 215
5103 9770 262
5201 8379 262
3934 6236 262
2462 4807 238
764 7910 262
2497 7199 262
5306 8251 262
1879 8608 262
5968 7000 262
5282 9173 262
3629 8988 262
4537 9492 262
1705 6159 238
5650 7328 262
3000 3454 199
2998 7656 262
1053 9785 262
3682 7706 262
4154 5580 236
548 3101 217
5139 5691 236
3841 9796 262
735 6836 262
2320 9460 262
5094 9157 262
3756 5680 236
4882 9883 262
2655 6678 262
1650 8115 262
2440 3313 217
1530 5453 238
1847 2763 209
1449 4246 238
2908 4407 238
193 2454 183
3103 5603 238
1839 4886 238
3529 5865 238
539 4227 238
3945 7479 262
5163 8638 262
4742 5166 210
3443 9950 262
2960 8864 262
5605 8520 262
140 944 179
5305 8574 262
5699 9349 262
5669 7160 262
4144 8497 262
4493 9187 262
5017 9264 262
3416 9615 262
1381 6080 238
4816 7953 262
3739 9557 262
3409 7614 262
4081 7485 262
2897 7116 262
1070 5050 238
5756 9124 262
404 1913 182
2533 9309 262
4520 9754 262
2855 9921 262
1938 3337 217
195 3300 217
5441 7102 262
1848 3480 217
2232 6174 262
2899 9682 262
2421 6453 262
3675 9632 262